....................................................................................................
IEEE test conditions: -L = -256, +H = 255, sign = 1, #iters = 10000
Peak absolute values of errors:
   1   1   1   1   1   1   1   1
   1   1   1   1   1   1   1   1
   1   1   1   1   1   1   1   1
   1   1   1   1   1   1   1   1
   1   1   1   1   1   1   1   1
   1   1   1   1   1   1   1   1
   1   1   1   1   1   1   1   1
   1   1   1   1   1   1   1   1
Worst peak error = 1  (meets spec limit 1)

Mean square errors:
   0.0029   0.0039   0.0042   0.0030   0.0027   0.0041   0.0033   0.0042
   0.0033   0.0050   0.0034   0.0028   0.0033   0.0044   0.0047   0.0052
   0.0032   0.0034   0.0033   0.0036   0.0032   0.0042   0.0047   0.0036
   0.0034   0.0034   0.0036   0.0031   0.0031   0.0046   0.0039   0.0043
   0.0035   0.0036   0.0034   0.0030   0.0029   0.0032   0.0035   0.0047
   0.0036   0.0031   0.0038   0.0026   0.0044   0.0042   0.0048   0.0032
   0.0035   0.0031   0.0041   0.0046   0.0039   0.0033   0.0029   0.0028
   0.0031   0.0039   0.0030   0.0029   0.0042   0.0028   0.0039   0.0031
Worst pmse = 0.005200  (meets spec limit 0.06)
Overall mse = 0.003619  (meets spec limit 0.02)

Mean errors:
  -0.0007  -0.0001   0.0010   0.0000   0.0007   0.0005   0.0007  -0.0002
  -0.0003  -0.0008   0.0006   0.0010   0.0003   0.0004  -0.0003   0.0010
  -0.0016  -0.0002  -0.0003   0.0000   0.0008  -0.0004   0.0013  -0.0008
  -0.0006   0.0002   0.0002  -0.0001   0.0003  -0.0002  -0.0001  -0.0003
  -0.0001   0.0006   0.0002  -0.0002  -0.0003  -0.0006   0.0003   0.0001
   0.0002   0.0009   0.0008  -0.0004  -0.0002   0.0000   0.0002  -0.0006
   0.0003  -0.0011   0.0005   0.0006  -0.0001  -0.0007  -0.0009   0.0004
   0.0003   0.0001   0.0000   0.0005  -0.0004  -0.0004  -0.0001   0.0001
Worst mean error = 0.001600  (meets spec limit 0.015)
Overall mean error = 0.000031  (meets spec limit 0.0015)

0 elements of IDCT(0) were not zero



real	4m28,967s
user	3m42,909s
sys	0m44,827s
....................................................................................................
IEEE test conditions: -L = -5, +H = 5, sign = 1, #iters = 10000
Peak absolute values of errors:
   1   1   1   1   1   1   1   1
   1   1   1   1   1   1   1   1
   1   1   1   1   1   1   1   1
   1   1   1   1   1   1   1   1
   1   1   1   1   1   1   1   1
   1   1   1   1   1   1   1   1
   1   1   1   1   1   1   1   1
   1   1   1   1   1   1   1   1
Worst peak error = 1  (meets spec limit 1)

Mean square errors:
   0.0031   0.0037   0.0029   0.0039   0.0031   0.0030   0.0023   0.0034
   0.0037   0.0033   0.0034   0.0029   0.0035   0.0032   0.0039   0.0039
   0.0029   0.0048   0.0032   0.0034   0.0031   0.0035   0.0027   0.0033
   0.0026   0.0021   0.0032   0.0040   0.0038   0.0028   0.0033   0.0037
   0.0027   0.0031   0.0045   0.0038   0.0029   0.0038   0.0041   0.0029
   0.0034   0.0032   0.0034   0.0023   0.0023   0.0025   0.0032   0.0019
   0.0044   0.0042   0.0024   0.0025   0.0032   0.0039   0.0039   0.0030
   0.0030   0.0028   0.0031   0.0025   0.0041   0.0043   0.0027   0.0041
Worst pmse = 0.004800  (meets spec limit 0.06)
Overall mse = 0.003277  (meets spec limit 0.02)

Mean errors:
  -0.0003   0.0005  -0.0005  -0.0003  -0.0009   0.0000   0.0001  -0.0008
  -0.0007  -0.0001  -0.0004   0.0001  -0.0001   0.0010  -0.0013   0.0003
   0.0001   0.0008   0.0000   0.0006   0.0003  -0.0003  -0.0005   0.0005
  -0.0004  -0.0001  -0.0002   0.0004  -0.0004   0.0010   0.0003  -0.0009
   0.0005   0.0011  -0.0005   0.0002  -0.0005   0.0010   0.0011  -0.0001
   0.0000   0.0004   0.0006   0.0005  -0.0003  -0.0001  -0.0006  -0.0001
  -0.0002  -0.0004   0.0002   0.0003  -0.0004  -0.0003  -0.0005   0.0006
   0.0006  -0.0004   0.0001  -0.0009   0.0007   0.0005   0.0005  -0.0007
Worst mean error = 0.001300  (meets spec limit 0.015)
Overall mean error = 0.000011  (meets spec limit 0.0015)

0 elements of IDCT(0) were not zero



real	4m29,320s
user	3m43,332s
sys	0m44,832s
....................................................................................................
IEEE test conditions: -L = -300, +H = 300, sign = 1, #iters = 10000
Peak absolute values of errors:
   1   1   1   1   1   1   1   1
   1   1   1   1   1   1   1   1
   1   1   1   1   1   1   1   1
   1   1   1   1   1   1   1   1
   1   1   1   1   1   1   1   1
   1   1   1   1   1   1   1   1
   1   1   1   1   1   1   1   1
   1   1   1   1   1   1   1   1
Worst peak error = 1  (meets spec limit 1)

Mean square errors:
   0.0029   0.0039   0.0043   0.0033   0.0029   0.0040   0.0031   0.0037
   0.0032   0.0027   0.0027   0.0019   0.0029   0.0028   0.0027   0.0035
   0.0033   0.0016   0.0037   0.0023   0.0036   0.0040   0.0026   0.0042
   0.0026   0.0028   0.0025   0.0025   0.0032   0.0037   0.0027   0.0028
   0.0021   0.0030   0.0030   0.0030   0.0029   0.0033   0.0031   0.0033
   0.0026   0.0026   0.0037   0.0035   0.0033   0.0029   0.0024   0.0025
   0.0031   0.0020   0.0024   0.0042   0.0037   0.0032   0.0027   0.0032
   0.0030   0.0042   0.0027   0.0038   0.0027   0.0038   0.0026   0.0030
Worst pmse = 0.004300  (meets spec limit 0.06)
Overall mse = 0.003064  (meets spec limit 0.02)

Mean errors:
  -0.0013   0.0007  -0.0013   0.0003  -0.0003  -0.0002  -0.0009  -0.0007
   0.0002   0.0003  -0.0007   0.0001   0.0003   0.0002  -0.0005  -0.0009
  -0.0003   0.0000   0.0003  -0.0005  -0.0002  -0.0004   0.0002   0.0000
  -0.0002  -0.0012  -0.0003   0.0001   0.0006  -0.0001  -0.0009   0.0004
   0.0005   0.0002   0.0006   0.0002   0.0001   0.0007  -0.0003  -0.0005
   0.0002   0.0004   0.0015  -0.0007   0.0007  -0.0001   0.0000  -0.0001
   0.0003   0.0006  -0.0006   0.0004  -0.0013   0.0006   0.0007  -0.0008
  -0.0008  -0.0004   0.0007  -0.0002  -0.0003   0.0004   0.0008   0.0002
Worst mean error = 0.001500  (meets spec limit 0.015)
Overall mean error = -0.000055  (meets spec limit 0.0015)

0 elements of IDCT(0) were not zero



real	4m27,618s
user	3m42,207s
sys	0m44,252s
....................................................................................................
IEEE test conditions: -L = -256, +H = 255, sign = -1, #iters = 10000
Peak absolute values of errors:
   1   1   1   1   1   1   1   1
   1   1   1   1   1   1   1   1
   1   1   1   1   1   1   1   1
   1   1   1   1   1   1   1   1
   1   1   1   1   1   1   1   1
   1   1   1   1   1   1   1   1
   1   1   1   1   1   1   1   1
   1   1   1   1   1   1   1   1
Worst peak error = 1  (meets spec limit 1)

Mean square errors:
   0.0029   0.0037   0.0042   0.0030   0.0026   0.0042   0.0033   0.0042
   0.0033   0.0051   0.0034   0.0028   0.0033   0.0043   0.0047   0.0052
   0.0032   0.0034   0.0033   0.0035   0.0032   0.0043   0.0048   0.0036
   0.0035   0.0034   0.0036   0.0031   0.0031   0.0046   0.0038   0.0042
   0.0035   0.0038   0.0033   0.0031   0.0030   0.0032   0.0035   0.0046
   0.0036   0.0031   0.0038   0.0026   0.0044   0.0042   0.0047   0.0033
   0.0035   0.0031   0.0041   0.0046   0.0039   0.0033   0.0029   0.0028
   0.0031   0.0039   0.0030   0.0029   0.0042   0.0029   0.0038   0.0031
Worst pmse = 0.005200  (meets spec limit 0.06)
Overall mse = 0.003619  (meets spec limit 0.02)

Mean errors:
   0.0007   0.0003  -0.0010   0.0000  -0.0006  -0.0004  -0.0007   0.0002
   0.0003   0.0009  -0.0006  -0.0010  -0.0003  -0.0005   0.0003  -0.0010
   0.0016   0.0002   0.0003  -0.0001  -0.0008   0.0003  -0.0012   0.0008
   0.0007  -0.0002  -0.0002   0.0001  -0.0003   0.0002   0.0002   0.0002
   0.0001  -0.0004  -0.0001   0.0003   0.0002   0.0006  -0.0003  -0.0002
  -0.0002  -0.0009  -0.0008   0.0004   0.0002   0.0000  -0.0003   0.0005
  -0.0003   0.0011  -0.0005  -0.0006   0.0001   0.0007   0.0009  -0.0004
  -0.0003  -0.0001   0.0000  -0.0005   0.0004   0.0003   0.0000  -0.0001
Worst mean error = 0.001600  (meets spec limit 0.015)
Overall mean error = -0.000028  (meets spec limit 0.0015)

0 elements of IDCT(0) were not zero



real	4m28,970s
user	3m43,180s
sys	0m44,617s
....................................................................................................
IEEE test conditions: -L = -5, +H = 5, sign = -1, #iters = 10000
Peak absolute values of errors:
   1   1   1   1   1   1   1   1
   1   1   1   1   1   1   1   1
   1   1   1   1   1   1   1   1
   1   1   1   1   1   1   1   1
   1   1   1   1   1   1   1   1
   1   1   1   1   1   1   1   1
   1   1   1   1   1   1   1   1
   1   1   1   1   1   1   1   1
Worst peak error = 1  (meets spec limit 1)

Mean square errors:
   0.0031   0.0037   0.0029   0.0039   0.0031   0.0030   0.0023   0.0033
   0.0037   0.0034   0.0034   0.0029   0.0035   0.0032   0.0039   0.0040
   0.0029   0.0048   0.0031   0.0034   0.0031   0.0034   0.0027   0.0033
   0.0026   0.0021   0.0032   0.0039   0.0038   0.0027   0.0033   0.0037
   0.0028   0.0031   0.0045   0.0036   0.0029   0.0038   0.0041   0.0029
   0.0034   0.0032   0.0034   0.0022   0.0023   0.0025   0.0032   0.0021
   0.0044   0.0042   0.0024   0.0026   0.0032   0.0039   0.0039   0.0031
   0.0030   0.0028   0.0032   0.0025   0.0041   0.0043   0.0027   0.0041
Worst pmse = 0.004800  (meets spec limit 0.06)
Overall mse = 0.003277  (meets spec limit 0.02)

Mean errors:
   0.0003  -0.0005   0.0005   0.0003   0.0009   0.0000  -0.0001   0.0009
   0.0005   0.0002   0.0004  -0.0001   0.0001  -0.0010   0.0013  -0.0004
  -0.0001  -0.0008   0.0001  -0.0006  -0.0003   0.0004   0.0005  -0.0005
   0.0004   0.0001   0.0002  -0.0005   0.0004  -0.0009  -0.0003   0.0009
  -0.0004  -0.0011   0.0005  -0.0002   0.0005  -0.0010  -0.0011   0.0001
   0.0000  -0.0004  -0.0006  -0.0004   0.0003   0.0001   0.0006   0.0001
   0.0002   0.0004  -0.0002  -0.0002   0.0004   0.0003   0.0005  -0.0005
  -0.0006   0.0004  -0.0002   0.0007  -0.0007  -0.0005  -0.0005   0.0007
Worst mean error = 0.001300  (meets spec limit 0.015)
Overall mean error = -0.000008  (meets spec limit 0.0015)

0 elements of IDCT(0) were not zero



real	4m29,139s
user	3m42,981s
sys	0m44,885s
....................................................................................................
IEEE test conditions: -L = -300, +H = 300, sign = -1, #iters = 10000
Peak absolute values of errors:
   1   1   1   1   1   1   1   1
   1   1   1   1   1   1   1   1
   1   1   1   1   1   1   1   1
   1   1   1   1   1   1   1   1
   1   1   1   1   1   1   1   1
   1   1   1   1   1   1   1   1
   1   1   1   1   1   1   1   1
   1   1   1   1   1   1   1   1
Worst peak error = 1  (meets spec limit 1)

Mean square errors:
   0.0030   0.0040   0.0044   0.0033   0.0029   0.0040   0.0031   0.0037
   0.0033   0.0028   0.0027   0.0019   0.0030   0.0028   0.0028   0.0035
   0.0033   0.0016   0.0038   0.0023   0.0037   0.0040   0.0025   0.0041
   0.0026   0.0028   0.0025   0.0026   0.0032   0.0036   0.0026   0.0028
   0.0020   0.0030   0.0031   0.0031   0.0029   0.0032   0.0031   0.0031
   0.0028   0.0026   0.0036   0.0035   0.0032   0.0030   0.0024   0.0025
   0.0032   0.0020   0.0025   0.0043   0.0037   0.0032   0.0027   0.0032
   0.0030   0.0041   0.0027   0.0038   0.0027   0.0036   0.0026   0.0030
Worst pmse = 0.004400  (meets spec limit 0.06)
Overall mse = 0.003072  (meets spec limit 0.02)

Mean errors:
   0.0014  -0.0006   0.0014  -0.0003   0.0003   0.0002   0.0009   0.0007
  -0.0003  -0.0004   0.0007  -0.0001  -0.0002  -0.0002   0.0004   0.0009
   0.0003   0.0000  -0.0004   0.0005   0.0003   0.0004  -0.0001   0.0001
   0.0002   0.0012   0.0003  -0.0002  -0.0006   0.0000   0.0008  -0.0004
  -0.0006  -0.0002  -0.0007  -0.0001  -0.0001  -0.0008   0.0003   0.0005
   0.0000  -0.0004  -0.0016   0.0007  -0.0008   0.0002   0.0000   0.0001
  -0.0002  -0.0006   0.0005  -0.0003   0.0013  -0.0006  -0.0007   0.0008
   0.0010   0.0005  -0.0007   0.0002   0.0003  -0.0006  -0.0008  -0.0002
Worst mean error = 0.001600  (meets spec limit 0.015)
Overall mean error = 0.000056  (meets spec limit 0.0015)

0 elements of IDCT(0) were not zero



real	4m29,498s
user	3m43,406s
sys	0m44,912s
